% g1=10;
% g2=10;
% g3=5;

% m1=0.000520833;
% m2=2.126e-4;
% m3=6.075e-4;

% P1=4;
% I1=0.01;
% D1=0.13;
% N1=100;
% 
% P2=3;
% I2=0;
% D2=0.12;
% N2=50;
% 
% P3=2; %2
% I3=0.001;
% D3=0.04;
% N3=80;

% 4Ch
g_dy=10;

g1=10;
g2=10;
g3=5;

m1=0.000520833;
m2=2.126e-4;
m3=3.2757e-4;

P1=6;
I1=0.01;
D1=0.08; %0.13
N1=100;

P2=3; %3
I2=0.000;
D2=0.12; %0.12
N2=50;

P3=2; %2
I3=0.001; %0.001
D3=0.03; %0.03
N3=80;

%% 2Ch
% g_dy=10;
% 
% g1=5;
% g2=10;
% g3=5;
% 
% m1=0.0050833;
% m2=2.126e-4;
% m3=5.075e-5;
% 
% P1=50;
% I1=0.00;
% D1=0.23; %0.13
% N1=250;
% 
% P2=3;
% I2=0.000;
% D2=0.12; %0.12
% N2=50;
% 
% P3=2; %2
% I3=0.001; %0.001
% D3=0.03; %0.03
% N3=80;